
=========================================
this does work


Listening
2c 00 00 54 00 00 00 00 d0 73 d5 00 ca be 00 00 4c 49 46 58 56 32 00 00 00 00 00 00 00 00 00 00 06 00 00 00 80 19 23 bf 7d b5 88 13 
192.168.2.8 d0:73:d5:00:ca:be Bulb Time
1407574435235568000
58 00 00 54 00 00 00 00 d0 73 d5 01 0f e0 00 00 4c 49 46 58 56 32 00 00 00 00 00 00 00 00 00 00 6b 00 00 00 00 00 00 00 ff 7f 62 0e 00 00 ff ff 53 74 75 64 79 00 00 00 00 00 00 00 00 00 00 00 00 00 00 00 00 00 00 00 00 00 00 00 00 00 00 00 00 00 00 00 00 00 00 00 
192.168.2.8 d0:73:d5:01:0f:e0 
TELL: 26 00 00 14 00 00 00 00 d0 73 d5 01 0f e0 00 00 4c 49 46 58 56 32 01 00 00 00 00 00 00 00 00 00 15 00 00 00 00 00 


=========================================

this doesnt work

Listening
192.168.2.8
26 00 00 14 00 00 00 00 d0 73 d5 00 57 18 00 00 4c 49 46 58 56 32 01 00 00 00 00 00 00 00 00 00 15 00 00 00 00 00 
192.168.2.6
26 00 00 14 00 00 00 00 d0 73 d5 00 57 18 00 00 4c 49 46 58 56 32 01 00 00 00 00 00 00 00 00 00 15 00 00 00 00 00

=========================================

